layout_spectrum: 0.155914
typography_spectrum: 0.3584229
color:
  saturation: 0.9193549
  brandStrength: 0.5548201
  lightness: 0.8476703
  rhythmicContrast: 1
name: GospelFuel
